(41, 299, 299, 3)
(41, 17, 17, 32)
(array([-1.91344731e-02, -4.63870525e-01,  1.48121864e-01,  1.39688045e-01,
        5.43827415e-02, -6.67153206e-03,  5.95607646e-02, -4.97093529e-01,
        3.03731114e-01, -2.40794774e-02,  2.08687082e-01,  1.21974070e-02,
        2.67530978e-01, -4.20127034e-01, -4.07518297e-01,  2.72516191e-01,
        3.49748343e-01,  5.86839020e-01, -9.15082693e-02, -5.84323227e-01,
        2.43045226e-01,  3.33942920e-01, -9.83894244e-02,  5.08534729e-01,
       -4.44480091e-01, -1.09103158e-01, -1.68236658e-01,  1.61163241e-01,
        2.36381069e-01,  8.50238279e-02,  4.10444327e-02, -5.83682239e-01,
        4.65830684e-01, -4.49822307e-01, -1.94533661e-01,  3.39568555e-01,
       -5.29385984e-01,  3.16225886e-01,  7.14958906e-01, -2.15730846e-01,
        3.28051895e-01,  6.75841048e-02,  1.26817435e-01,  2.09767111e-02,
        4.55923736e-01,  3.08805555e-01, -4.27896917e-01,  2.21624553e-01,
       -3.34738374e-01,  8.98017064e-02, -2.57650971e-01,  3.35566908e-01,
        6.42210364e-01,  4.67834473e-01, -1.81841068e-02,  2.64883339e-01,
       -6.07417583e-01, -5.51278591e-02,  3.60729039e-01, -1.92612797e-01,
        2.48031035e-01, -2.60035962e-01,  1.57935470e-01,  5.84837556e-01,
       -1.51832014e-01,  8.10860395e-02,  2.42883265e-01, -5.47625124e-01,
        7.70328879e-01, -5.87843895e-01, -4.84030366e-01,  1.20852783e-01,
        2.33951166e-01,  4.82673466e-01,  4.52482790e-01, -3.08331817e-01,
       -1.45783350e-02,  6.48557007e-01,  5.27812123e-01,  4.95717168e-01,
       -1.93740711e-01,  6.04742825e-01,  2.97590464e-01, -8.19925293e-02,
       -5.43157041e-01,  6.33952916e-02, -2.93279082e-01,  2.36299425e-01,
       -1.22367173e-01,  2.88998008e-01, -5.68561316e-01, -3.20493311e-01,
        6.00123405e-01,  7.02153146e-01, -4.83472764e-01, -3.33544374e-01,
        7.40649104e-02,  2.13844702e-01,  1.27424389e-01,  3.25721055e-01,
       -3.19909900e-01,  1.80776387e-01,  6.36689598e-03, -1.81501850e-01,
        3.74016702e-01, -6.96693435e-02, -3.74603778e-01,  5.76720312e-02,
        1.59526959e-01, -9.47253332e-02,  3.87730867e-01,  3.64658445e-01,
        2.35493690e-01,  4.75858688e-01,  2.55071580e-01, -1.64753795e-01,
       -2.96060983e-02, -9.49335769e-02, -3.61284524e-01, -4.38612670e-01,
        3.44074368e-01, -1.52832374e-01,  5.56806505e-01,  3.26927453e-01,
       -1.73254490e-01,  2.22841561e-01,  6.75029457e-02, -2.14270130e-01,
        5.07735461e-02, -1.92157611e-01, -1.71319872e-01,  1.51748359e-01,
       -1.18609615e-01,  5.36397874e-01,  6.29467726e-01,  3.41480851e-01,
       -3.10175985e-01,  3.55669022e-01, -2.65100092e-01,  5.16703367e-01,
       -2.78132081e-01,  5.81775844e-01, -5.79787314e-01, -3.38823020e-01,
        3.95163089e-01, -6.46317959e-01, -3.99104983e-01, -2.83740252e-01,
        1.88157573e-01, -7.67730474e-02,  4.86482352e-01, -1.82401136e-01,
       -1.94866940e-01,  3.10119987e-01, -4.13275003e-01,  5.13980567e-01,
       -3.98353904e-01, -1.74659356e-01,  1.77806243e-01, -3.72407317e-01,
       -3.58391076e-01,  3.12863141e-02, -5.12500465e-01,  2.37000555e-01,
       -1.95424587e-01, -3.65864962e-01, -6.45984352e-01,  1.70131847e-01,
       -3.95482749e-01, -3.83657813e-01,  3.53308804e-02, -4.91572261e-01,
        1.94453508e-01, -3.31727505e-01,  3.18415672e-01, -3.83923143e-01,
        3.29516143e-01, -2.30210632e-01,  6.40065312e-01, -7.74785429e-02,
        3.02024633e-01, -2.98167437e-01, -1.30930439e-01, -2.57726729e-01,
        4.31504399e-01, -1.85153410e-01, -5.13328254e-01, -1.29411742e-01,
        2.22192466e-01, -2.00545490e-01,  6.29337847e-01, -2.04634666e-01,
        4.81913179e-01, -6.37350976e-02, -1.30982116e-01,  2.22277194e-01,
       -6.13759875e-01, -3.45281422e-01, -5.40447831e-01, -3.76046710e-02,
       -1.36823550e-01,  1.62663758e-01,  3.26103061e-01,  1.29209489e-01,
       -3.78219247e-01,  4.99405973e-02,  1.93816721e-01,  9.54452679e-02,
        2.67657131e-01,  2.73274072e-03, -2.77216434e-01,  2.98244834e-01,
        3.44662458e-01, -2.85657316e-01, -1.76267907e-01,  4.83740330e-01,
        3.61086637e-01, -5.19828260e-01,  2.03744724e-01, -1.48876980e-01,
        2.99802125e-02,  9.44345146e-02,  1.40525088e-01,  4.33348715e-01,
        1.51651651e-01,  6.79752231e-02,  3.24605107e-01,  4.49861795e-01,
        2.39827737e-01, -3.78482521e-01,  1.62211418e-01,  9.24660712e-02,
        1.84182256e-01, -3.67717117e-01, -5.90272188e-01, -6.26712084e-01,
       -3.37024070e-02,  6.43691719e-01,  4.96897310e-01,  4.60347861e-01,
        3.72634292e-01,  3.31516802e-01, -4.12687957e-01,  7.42367089e-01,
        9.39489827e-02,  4.03417856e-01, -5.12757957e-01,  6.29504323e-01,
        4.78131413e-01, -3.84814292e-02, -4.00833398e-01, -6.47983775e-02,
        1.61418885e-01, -2.09181413e-01, -2.38941982e-01, -5.68549752e-01,
        5.71866870e-01, -2.02083170e-01,  4.15744692e-01,  2.73195915e-02,
        7.14984477e-01, -2.67499715e-01, -4.09579724e-01, -9.26961824e-02,
       -2.90850490e-01,  1.02839299e-01,  3.91655624e-01,  2.59154469e-01,
        4.18461025e-01, -5.05228579e-01,  1.76541209e-01,  5.25274754e-01,
        4.95687753e-01,  5.36666214e-01,  1.62998229e-01,  2.00398326e-01,
       -1.19026870e-01, -3.88363600e-02,  2.94973582e-01,  3.04955065e-01,
        1.91592705e-02,  1.47730529e-01,  1.28842071e-01,  1.79682970e-01,
        1.97282396e-02,  1.98554814e-01, -2.97152847e-01,  6.73238101e-05,
       -2.86234111e-01, -1.16647966e-01,  1.87118482e-02,  1.91419095e-01,
        2.86805630e-01, -3.38916034e-01, -3.16320568e-01, -3.44183624e-01,
       -2.63467729e-02, -9.98397470e-02,  1.96474772e-02, -4.38664824e-01,
       -1.23305343e-01,  4.23780113e-01, -3.18670422e-02,  4.56004083e-01,
        6.80144310e-01,  2.69064605e-01,  2.08589897e-01, -4.10242319e-01,
        1.12943046e-01, -3.89170051e-01, -9.52177718e-02,  3.56708527e-01,
        1.94034398e-01, -8.16318393e-02,  1.59652278e-01,  4.81149822e-01,
        2.49524161e-01,  9.90768149e-02,  6.99743211e-01,  1.70623228e-01,
        1.95369482e-01, -1.83816835e-01,  1.32594079e-01, -3.22731435e-02,
       -1.78625524e-01,  1.32294416e-01, -4.60593164e-01,  3.14012021e-01,
       -2.55337924e-01, -3.12794805e-01, -2.78206587e-01, -8.49278793e-02,
       -4.27796096e-01,  6.29502714e-01,  3.40766430e-01, -4.14466798e-01,
       -8.63288343e-02, -3.10027719e-01,  1.46510422e-01, -6.13994673e-02,
       -2.73950070e-01, -2.61070013e-01,  1.42687023e-01,  5.02246201e-01,
       -1.33651840e-02,  2.75088161e-01, -8.30010548e-02,  1.58908635e-01,
       -5.66936880e-02,  4.79742885e-01,  2.25287691e-01,  2.65227914e-01,
        3.60044032e-01,  1.78684607e-01,  1.81620810e-02, -5.73845625e-01,
        6.21890835e-02,  4.08358693e-01,  2.82500207e-01, -2.10343450e-01,
        2.59448197e-02,  7.05651760e-01,  3.14545155e-01, -1.00382932e-01,
       -2.06601754e-01, -2.32234403e-01, -2.33129635e-01,  4.47641045e-01,
        2.55494148e-01,  3.91445398e-01,  1.87028557e-01, -2.39040300e-01,
        1.30128145e-01,  6.17839992e-01,  6.37924299e-02,  4.77711946e-01,
        3.79889905e-01, -4.95011717e-01, -8.60783979e-02, -1.99368566e-01,
        4.68269616e-01,  1.52725831e-01,  3.67202342e-01, -1.95773795e-01,
        1.31811261e-01, -4.81842726e-01, -5.07390022e-01,  6.37185872e-01,
       -3.82142961e-01, -4.46924381e-03,  3.44748259e-01,  2.66909599e-02,
        3.68943959e-01,  8.54812860e-02,  2.71531016e-01, -3.16324085e-01,
        1.99423999e-01,  3.90297264e-01, -9.10337865e-02,  2.76792943e-01,
       -7.28603780e-01, -7.14116264e-03,  1.97626412e-01,  4.69634920e-01,
       -5.20678498e-02, -1.66731879e-01,  2.00241487e-02,  5.62135518e-01,
        8.43453035e-02, -1.69096231e-01,  2.95077474e-03, -3.18602532e-01,
       -1.25166262e-02,  4.74167049e-01,  6.00670651e-02, -1.57443091e-01,
        2.73300577e-02,  3.63632888e-01, -3.59040380e-01, -2.33816933e-02,
        3.95498425e-03, -5.25115430e-01,  4.79637623e-01, -4.34108973e-01,
       -1.13482766e-01, -4.92797673e-01, -5.01858711e-01,  5.51493883e-01,
        2.81244945e-02, -5.23357272e-01,  3.18632752e-01,  2.56057262e-01,
        1.31178964e-02,  3.27096313e-01,  1.87160164e-01,  2.35490590e-01,
        3.74531478e-01,  1.40186921e-01,  2.20945105e-01, -1.65095925e-01,
        1.40213594e-01, -2.77105659e-01, -1.55952677e-01,  2.65112102e-01,
       -1.27228713e-02, -3.89169693e-01, -2.87473410e-01, -2.23263070e-01,
        3.22143465e-01,  3.34610403e-01, -5.69611005e-02,  3.37290257e-01,
        1.87955081e-01,  3.49247247e-01, -8.85484144e-02, -3.40141565e-01,
       -3.29863816e-01, -1.89245760e-01, -1.64237872e-01,  5.27069151e-01,
        6.58020496e-01,  1.58339798e-01,  2.09911272e-01, -4.14251000e-01,
        4.71637063e-02, -4.68789116e-02,  2.12644458e-01,  2.42767453e-01,
       -6.44866228e-01, -1.71837419e-01,  2.22884249e-02,  2.22015589e-01,
       -4.69239771e-01, -1.24038823e-01, -3.32539409e-01, -6.05309717e-02,
        8.55395123e-02, -5.86147010e-01,  4.18697774e-01, -2.99583375e-01,
        8.22106656e-03, -2.27189839e-01,  5.94831884e-01, -8.66281241e-02,
        1.69205919e-01, -3.57337147e-01,  1.06277347e-01,  8.94664824e-02,
       -1.23259105e-01, -5.00188708e-01, -8.87289494e-02,  3.69286299e-01,
        3.22504342e-01,  3.90100867e-01, -4.12466615e-01, -1.56457022e-01,
       -2.79665977e-01,  6.02809370e-01, -2.19979659e-01, -4.99724120e-01,
        6.36351466e-01,  1.83794424e-01,  1.53416479e-02, -4.75590318e-01,
       -3.00229371e-01, -2.68469751e-01,  1.99378937e-01, -3.86924833e-01,
       -6.66685760e-01, -6.77988455e-02,  1.63826153e-01,  1.54001102e-01],
      dtype=float32), (array([[ 0.69619286, -0.3693693 ,  0.37718397, -0.19591683,  0.06696756,
         0.78674763,  0.62066585, -0.90165794,  0.8044525 ,  0.30651116,
         0.12834176,  0.88834786,  0.87603366,  0.2245588 ,  0.05117853,
        -0.33857232, -0.25843108, -0.87793034, -0.7519361 ,  0.22200084,
        -0.09648044,  0.91926944,  0.12328686,  0.36293516, -0.03221328,
         0.80285984, -0.881521  ,  0.6277117 , -0.33647245, -0.69853944,
         0.8471705 , -0.09365495, -0.16855563, -0.39207774, -0.78841424,
        -0.35038182, -0.8069852 , -0.22044033, -0.18460646,  0.35486472,
         0.36850792,  0.90837663,  0.8238804 , -0.86353695,  0.3518656 ,
        -0.670673  ,  0.54694283,  0.22994183,  0.31897604,  0.49633843,
        -0.5708187 , -0.2111688 ,  0.07526506, -0.40656415,  0.35733417,
         0.4691305 ,  0.6569973 , -0.33656386,  0.56628764, -0.88583827,
         0.21712068, -0.96377236, -0.1735484 , -0.39685604, -0.7151872 ,
         0.37926546,  0.5882677 , -0.05618871,  0.04841069,  0.8771179 ,
         0.09517914, -0.3546486 , -0.5991905 ,  0.597325  ,  0.23873237,
         0.1765402 ,  0.09639483,  0.84034884,  0.32301176,  0.9536712 ,
         0.69323575, -0.37887806, -0.60682577, -0.01302002,  0.2723317 ,
         0.7075596 , -0.85289836,  0.63590884,  0.5330577 , -0.48353526,
        -0.32359582,  0.10988653, -0.47055694, -0.38729888, -0.3137745 ,
        -0.03761037,  0.94208694, -0.7419642 ,  0.8329042 , -0.5941401 ,
         0.22244738, -0.766995  ,  0.9296629 , -0.02912242, -0.6924208 ,
        -0.8220267 , -0.89953125, -0.46283224, -0.68480605,  0.70433116,
         0.18952462, -0.06700229,  0.8634269 , -0.6854988 ,  0.9202611 ,
         0.13895321, -0.68810165,  0.01323566, -0.73805195,  0.9039057 ,
         0.52352995,  0.56168085,  0.44480217,  0.91469944, -0.5012784 ,
         0.30044287,  0.59629875,  0.19791962,  0.55706686,  0.9979143 ,
         0.8553122 , -0.8606124 ,  0.9225881 , -0.28967094,  0.6270318 ,
        -0.39783072,  0.21610813, -0.65814537, -0.88725764, -0.852897  ,
        -0.7970551 , -0.7987181 ,  0.06734426, -0.8218719 , -0.6155943 ,
        -0.58290225, -0.18553068, -0.06843805, -0.22953592,  0.26073787,
         0.5950854 ,  0.27371454,  0.779477  ,  0.22595888,  0.3336419 ,
         0.20419288,  0.5896337 , -0.5676635 , -0.8062124 ,  0.03251198,
        -0.05350254, -0.2901365 ,  0.5478955 , -0.5698258 , -0.04899213,
        -0.63728076, -0.5730979 , -0.22294888, -0.5120919 ,  0.7170874 ,
         0.20844296,  0.8959637 , -0.54108196,  0.6122081 ,  0.4034122 ,
         0.33810627,  0.06486207, -0.9063108 , -0.46821964, -0.46221915,
         0.36893025,  0.09346712, -0.4602109 ,  0.7195741 , -0.591408  ,
         0.7947247 , -0.9762063 ,  0.6837324 , -0.1367853 , -0.3585464 ,
         0.939499  , -0.34293744,  0.38097245,  0.4530154 ,  0.5974368 ,
         0.36166888, -0.2042037 , -0.96127975,  0.13529763,  0.6939675 ,
         0.6355254 ,  0.3457831 , -0.5645591 , -0.4588403 , -0.87134165,
         0.6206499 , -0.46426108, -0.56837773, -0.8757477 , -0.69015014,
        -0.16596055,  0.25706115,  0.7447056 ,  0.04785512, -0.4649415 ,
         0.70984447,  0.0152136 ,  0.3719427 , -0.24395607, -0.39965013,
         0.62231445, -0.08456644, -0.38052744,  0.23501718,  0.6311098 ,
         0.77650154, -0.9625013 , -0.05887195, -0.29015276,  0.06134258,
        -0.18785985,  0.5764929 ,  0.6050301 , -0.79347205, -0.8476818 ,
        -0.9007659 ,  0.87809134,  0.05201434,  0.48155096,  0.39509872,
         0.5813825 , -0.16112798,  0.42716205, -0.25038373, -0.49685198,
        -0.9227408 ,  0.22142762, -0.8221286 ,  0.92277944,  0.42397958,
        -0.03491485, -0.8751667 , -0.6971308 ,  0.69541913,  0.19689628,
         0.4404589 , -0.9068452 ,  0.23285605,  0.45795816,  0.9716565 ,
         0.87163603, -0.06604537,  0.0599314 ,  0.98708045, -0.7950184 ,
        -0.24547668, -0.32475123, -0.21822104, -0.5322096 ,  0.79596245,
        -0.7847407 ,  0.6852982 ,  0.77973557, -0.79829866, -0.89327633,
        -0.7388394 ,  0.9109509 ,  0.44843814, -0.7128147 ,  0.01346625,
         0.9713328 ,  0.0810847 , -0.9482288 , -0.18195683, -0.49627686,
         0.5025877 ,  0.2797805 ,  0.9321954 ,  0.23662458,  0.864958  ,
        -0.48760015, -0.34944236, -0.7534989 ,  0.21166462, -0.21834508,
         0.88677275,  0.41862977,  0.7154019 , -0.50190556,  0.21314752,
        -0.6664541 , -0.7750853 ,  0.699078  , -0.07024781,  0.70707893,
        -0.8325147 , -0.2962461 ,  0.02506335,  0.01481   , -0.10513826,
        -0.2938149 ,  0.03782102, -0.77273524, -0.10347986,  0.39225787,
         0.8015499 ,  0.7596618 ,  0.24302831, -0.97531384,  0.82057685,
         0.22885865,  0.29588306, -0.31696206, -0.35039842, -0.02427856,
         0.5882193 , -0.40278608,  0.37389582,  0.61125886, -0.46189243,
         0.05578776, -0.6883931 , -0.3559504 ,  0.628428  ,  0.01211497,
        -0.4844507 ,  0.23573443,  0.49952957, -0.64306253,  0.706355  ,
        -0.91271317, -0.28640068, -0.6455651 , -0.3689186 ,  0.15038668,
        -0.8355778 , -0.10483709,  0.9551623 , -0.42432934,  0.3142124 ,
        -0.8898261 ,  0.00204048, -0.898337  ,  0.14005394,  0.54378647,
         0.94432586,  0.887085  ,  0.271279  ,  0.6593145 , -0.6759229 ,
        -0.2639007 ,  0.89593065, -0.5802137 , -0.4310902 , -0.9731958 ,
        -0.1173792 ,  0.52120787, -0.97524685,  0.06773691, -0.7638978 ,
         0.77958417,  0.28964514, -0.57482255, -0.6552539 ,  0.95886624,
        -0.9730557 , -0.6166317 , -0.8302157 , -0.48521587, -0.7800002 ,
         0.96692646, -0.8540588 ,  0.8833094 ,  0.37241572,  0.7469355 ,
         0.65349424,  0.00137918,  0.00429817, -0.19510311, -0.17719647,
        -0.61329913,  0.30140302,  0.61195827,  0.73882586, -0.2463164 ,
        -0.3716765 , -0.31972292,  0.5650803 , -0.21862462,  0.70660996,
        -0.31364262,  0.31162602, -0.07585428, -0.05869503, -0.06770375,
         0.4685471 ,  0.20799822,  0.21802658, -0.22843222, -0.6599148 ,
        -0.95273435, -0.3146389 , -0.37032968,  0.92176354, -0.67086315,
        -0.2638776 ,  0.8218559 ,  0.23880607, -0.12343927, -0.67016596,
        -0.06886178,  0.9796436 , -0.02068897,  0.8364637 , -0.59432864,
         0.06476659,  0.8086351 ,  0.00771378, -0.36842346, -0.57139635,
         0.10016796,  0.46380037, -0.6724496 , -0.07163414, -0.2910085 ,
        -0.2048607 ,  0.00716425,  0.6850624 ,  0.39882535, -0.8505946 ,
         0.9623802 ,  0.5100491 , -0.746382  ,  0.26794636,  0.7490453 ,
         0.80801237,  0.25268543,  0.46128166,  0.61240405, -0.23857765,
        -0.556224  ,  0.2522593 , -0.48756382,  0.3139363 , -0.814001  ,
        -0.9366496 , -0.1510945 , -0.05306387, -0.8109257 , -0.7216228 ,
         0.01886775,  0.11443046,  0.40063593, -0.84645885, -0.10566047,
        -0.73056936, -0.6372931 , -0.1084663 , -0.1992209 ,  0.98865193,
         0.8360556 , -0.63240206, -0.19059524, -0.67581344,  0.9079497 ,
        -0.45394772, -0.9465976 ,  0.4769087 , -0.88895786, -0.342138  ,
         0.00560392,  0.20156036, -0.72444886,  0.47681594,  0.84792614,
         0.40589157,  0.56807363, -0.8020185 , -0.8328909 ,  0.5269583 ,
         0.73938006,  0.76590705,  0.2580788 ,  0.98888326, -0.6542978 ,
         0.1829945 ,  0.8657328 ,  0.20959811,  0.01408301,  0.24761887,
         0.04482998, -0.39960444,  0.19814114,  0.2199531 ,  0.7894113 ,
        -0.2821358 ,  0.17700335, -0.6806809 , -0.0244524 , -0.51051   ,
        -0.8359231 ,  0.09452287]], dtype=float32), array([[-3.18560690e-01, -6.60054862e-01,  2.42892087e-01,
         1.51812196e-01,  2.69163363e-02, -3.71930122e-01,
         2.44372278e-01, -5.31647384e-01,  2.25381970e-01,
        -9.41884518e-02,  3.45102310e-01,  5.59992343e-02,
         3.06968868e-01, -3.20605367e-01, -4.58883494e-01,
         2.56098863e-02,  5.62198043e-01,  7.95625210e-01,
        -5.74914366e-03, -6.56651974e-01,  4.33694988e-01,
         4.75312501e-01, -2.48955369e-01,  3.49836349e-01,
        -4.25296277e-01, -3.26713085e-01, -4.09093142e-01,
         2.60425925e-01, -3.46239880e-02,  1.61347300e-01,
        -1.76824927e-02, -8.26657057e-01,  3.57811630e-01,
        -6.23245656e-01,  2.39606965e-02,  4.39556003e-01,
        -5.86909533e-01,  3.92666996e-01,  6.46516979e-01,
        -3.51371437e-01,  3.29613894e-01,  5.69520220e-02,
        -1.29209869e-02,  1.26859993e-01,  6.06731534e-01,
         5.84319592e-01, -4.75669205e-01, -5.00858948e-02,
        -6.29386246e-01,  6.70477599e-02, -3.33996356e-01,
         3.90856713e-01,  7.40407825e-01,  6.21682107e-01,
         7.37829953e-02,  5.07121384e-01, -5.11923492e-01,
        -2.31138412e-02,  5.85518241e-01,  2.39767134e-04,
         2.67529219e-01, -5.09203017e-01,  2.38294452e-01,
         7.35402584e-01, -1.55939013e-01, -2.19550788e-01,
         4.61432517e-01, -6.41067743e-01,  7.77714193e-01,
        -8.43865633e-01, -3.40943754e-01,  1.68504432e-01,
         2.50983119e-01,  5.36662698e-01,  7.10405946e-01,
        -5.00510991e-01,  9.53819156e-02,  6.01695478e-01,
         6.63417578e-01,  3.51802409e-01, -2.79735506e-01,
         7.48767495e-01,  3.64671588e-01,  1.85010672e-01,
        -7.56429791e-01, -1.94417343e-01, -2.54379809e-01,
         2.73925036e-01,  4.61562723e-02,  2.99330175e-01,
        -6.95009649e-01, -3.35817933e-01,  7.92382181e-01,
         8.30303431e-01, -4.00199682e-01, -1.40675560e-01,
         2.87329033e-02,  1.45047069e-01,  2.98517141e-02,
         4.24258351e-01, -3.63054812e-01,  1.87229186e-01,
        -1.73410490e-01, -4.90951017e-02,  4.16123539e-01,
        -2.32279137e-01, -2.76596814e-01,  5.23033813e-02,
         2.46266216e-01, -9.80387479e-02,  6.00621581e-01,
         3.03866833e-01,  1.68871596e-01,  4.65780973e-01,
         4.58797812e-01, -4.83695745e-01, -7.91353285e-02,
        -2.01544523e-01, -3.74536872e-01, -7.39552557e-01,
         3.24833810e-01, -1.70874119e-01,  6.99671268e-01,
         3.66884202e-01, -1.52096063e-01,  2.92344302e-01,
         4.49968353e-02, -6.11616135e-01, -1.63521394e-01,
         7.79594854e-03, -2.92783201e-01,  3.76380384e-01,
        -2.90843755e-01,  8.05197120e-01,  8.05536985e-01,
         3.30887139e-01, -5.49494982e-01,  2.56675065e-01,
        -3.51956904e-01,  6.34680152e-01, -4.87942785e-01,
         5.22846878e-01, -7.65250683e-01, -5.14354706e-01,
         4.12259161e-01, -7.03045011e-01, -4.22779649e-01,
        -4.36536133e-01,  2.04911977e-01, -3.25215980e-04,
         6.09505594e-01, -2.21360773e-01, -1.06170960e-01,
         2.81725824e-01, -4.28530693e-01,  7.35927284e-01,
        -4.08840150e-01, -5.08048721e-02, -5.37923649e-02,
        -5.70616901e-01, -3.89745235e-01,  4.21050400e-01,
        -6.80076063e-01,  3.10476720e-01, -3.89635235e-01,
        -5.76166093e-01, -7.61728525e-01,  1.88291356e-01,
        -3.26931238e-01, -4.14643526e-01,  2.04637766e-01,
        -6.88799739e-01,  4.86452997e-01, -4.99224514e-01,
         1.66753396e-01, -5.76321959e-01,  5.42683601e-01,
        -3.11647326e-01,  7.01442957e-01, -3.29937041e-01,
         4.87296820e-01, -4.86778498e-01,  5.02916165e-02,
        -2.41332352e-01,  6.75549865e-01, -2.54651040e-01,
        -4.24339950e-01, -3.83976251e-01,  2.75120556e-01,
        -4.60169703e-01,  5.05512178e-01, -1.97963536e-01,
         5.55666447e-01, -2.73440331e-01, -3.38229358e-01,
         4.48169768e-01, -7.05848694e-01, -3.55850697e-01,
        -4.44073558e-01, -2.51201570e-01, -8.23830217e-02,
         6.38892949e-02,  4.98910964e-01, -2.07113940e-02,
        -4.77705300e-01,  2.12577395e-02,  2.97384620e-01,
        -2.36989141e-01,  3.97112608e-01, -3.20445970e-02,
        -9.72504616e-02, -7.02012703e-02,  3.80301565e-01,
        -3.03404868e-01, -3.20979536e-01,  7.22436905e-01,
         2.76345968e-01, -6.03332162e-01,  3.07736211e-02,
        -4.93297428e-02, -1.90303586e-02,  4.02030051e-01,
         2.23485380e-01,  3.97354901e-01,  1.41285658e-01,
        -1.88366264e-01,  4.22597170e-01,  6.23449028e-01,
         1.70316234e-01, -4.14773285e-01,  3.46080363e-01,
         1.12590700e-01,  3.27158809e-01, -5.33491373e-01,
        -6.02925837e-01, -6.33243322e-01,  1.72532611e-02,
         8.02140296e-01,  4.85312581e-01,  4.61458147e-01,
         4.04670209e-01,  4.17407334e-01, -3.77472520e-01,
         8.35126877e-01,  2.46779591e-01,  5.74107707e-01,
        -8.33022177e-01,  7.25269914e-01,  3.82964700e-01,
         6.89864084e-02, -4.08106506e-01, -2.53907323e-01,
         1.76436082e-01, -1.52623221e-01, -2.86256462e-01,
        -6.23880744e-01,  5.08635283e-01, -6.84044734e-02,
         5.63250065e-01,  7.63425082e-02,  7.38916993e-01,
        -3.99390996e-01, -4.64667082e-01, -2.86068588e-01,
        -4.10510600e-02,  5.75902238e-02,  7.21002162e-01,
        -3.31466943e-02,  3.68706346e-01, -5.95620036e-01,
         4.21092868e-01,  3.61556232e-01,  7.07080841e-01,
         6.35748208e-01,  4.07498866e-01,  1.65684864e-01,
         3.36799696e-02, -1.29862010e-01,  3.94543260e-02,
         4.45327252e-01, -9.06034559e-02,  6.18414208e-02,
         2.32530519e-01, -5.99541515e-02, -8.74983147e-02,
         2.47728020e-01, -2.06908599e-01, -1.23619139e-02,
        -3.86452168e-01, -1.27146691e-01,  1.89655170e-01,
         1.90855443e-01,  4.57493335e-01, -6.48886442e-01,
        -4.98605430e-01, -3.30420345e-01, -1.53166652e-01,
         1.35120064e-01, -6.19010404e-02, -4.94976521e-01,
        -1.90463126e-01,  6.81397974e-01, -8.81715119e-02,
         7.73308456e-01,  8.41180444e-01,  5.01914263e-01,
         3.80999893e-01, -4.87366617e-01, -6.93727061e-02,
        -4.98921543e-01, -9.76521224e-02,  1.55344352e-01,
         3.51308025e-02, -1.91470474e-01,  2.32899189e-01,
         4.64370251e-01,  1.44799232e-01, -3.00565013e-03,
         8.84160161e-01,  4.03833687e-01, -9.90286842e-03,
        -1.72047034e-01,  3.87130640e-02, -1.46947920e-01,
        -2.68114179e-01,  1.13673761e-01, -4.92237270e-01,
         3.16596001e-01,  1.64961368e-01, -3.85900080e-01,
        -2.69547135e-01,  1.60522655e-01, -5.85612655e-01,
         7.88879454e-01,  5.80096662e-01, -5.68928480e-01,
         2.40485176e-01, -5.68514943e-01,  7.73074776e-02,
        -2.85074025e-01, -2.81513751e-01, -2.84901351e-01,
         3.51381451e-01,  5.95902205e-01, -2.74283230e-01,
         2.31400073e-01,  1.69214040e-01,  3.84607345e-01,
         2.18818970e-02,  3.92374098e-01,  3.21028709e-01,
         4.07113492e-01,  3.62843543e-01,  7.77334347e-02,
        -2.15807885e-01, -8.18519235e-01,  2.26340473e-01,
         6.37792587e-01,  4.79286492e-01, -4.19751585e-01,
         2.16236919e-01,  7.99039602e-01,  2.29956120e-01,
        -3.25556636e-01, -2.93730855e-01, -3.06655258e-01,
        -3.73560600e-02,  4.86269712e-01,  3.09675336e-01,
         4.50457245e-01, -1.30174264e-01, -1.94398761e-01,
         2.99809687e-02,  5.79277039e-01, -6.53278232e-02,
         6.55438662e-01,  5.38364112e-01, -4.85797703e-01,
        -1.10709354e-01, -4.32407558e-01,  2.89521635e-01,
         4.17775899e-01,  4.97282624e-01, -1.73090860e-01,
         2.24384710e-01, -7.51362860e-01, -6.07123435e-01,
         7.88461030e-01, -4.93782550e-01, -1.06712922e-01,
         2.38383025e-01, -3.95508230e-01,  5.75670600e-02,
         1.26241148e-01,  1.85885370e-01, -3.77710819e-01,
         2.92638034e-01,  5.22317529e-01,  2.04769913e-02,
         4.34464782e-01, -9.19944286e-01, -2.52686054e-01,
         7.65818432e-02,  5.28344870e-01, -4.42169607e-01,
         4.31959853e-02, -2.67528780e-02,  6.57312512e-01,
         1.21789202e-01, -1.24272831e-01,  1.90563515e-01,
        -5.32553196e-01, -3.29613835e-02,  4.15105134e-01,
         2.75400467e-02, -4.27233905e-01,  3.02353725e-02,
         5.10908246e-01, -2.33137280e-01, -4.27249372e-02,
        -3.93966019e-01, -6.06771708e-01,  5.50468445e-01,
        -7.46658206e-01,  4.63933870e-02, -5.18254280e-01,
        -5.31213045e-01,  5.18509567e-01, -3.08929682e-01,
        -5.78984678e-01,  5.58999419e-01,  1.43468648e-01,
         5.67052774e-02,  2.20497087e-01,  3.35631549e-01,
         4.10189509e-01,  3.97804499e-01, -2.84535363e-02,
         1.68621212e-01, -4.53561097e-01,  2.37500668e-01,
        -6.76000267e-02, -2.82043308e-01,  3.27681780e-01,
        -1.05077863e-01, -6.95014834e-01, -2.31047988e-01,
        -2.31660157e-01,  2.99306542e-01,  4.47849125e-01,
        -2.00128734e-01,  2.58005410e-01,  2.19912425e-01,
         4.22037303e-01, -8.70108306e-02, -5.87930739e-01,
        -2.82010525e-01, -2.90022314e-01, -1.05500750e-01,
         5.28341591e-01,  7.43527889e-01,  3.66009653e-01,
         2.19297320e-01, -5.90542376e-01, -4.18815643e-01,
        -6.52338415e-02,  3.20791870e-01,  3.09205770e-01,
        -7.63025820e-01, -3.36899549e-01,  1.59897581e-02,
         2.42589399e-01, -5.83978534e-01, -3.52831811e-01,
        -1.22054107e-01, -3.92399371e-01,  5.79536408e-02,
        -7.27944136e-01,  4.57098871e-01, -6.39156997e-02,
        -3.87228243e-02, -3.41419965e-01,  6.17821336e-01,
        -2.18546942e-01,  3.62053752e-01, -4.51177567e-01,
        -2.78959610e-02,  1.12981640e-01,  3.83159220e-02,
        -3.62314254e-01, -2.85584390e-01,  3.50830674e-01,
         5.94217062e-01,  8.02824050e-02, -5.61944306e-01,
        -1.08982436e-02, -2.78795868e-01,  5.69534063e-01,
        -1.83191374e-01, -6.07597828e-01,  8.49208713e-01,
         1.18292190e-01,  8.44836012e-02, -6.26271725e-01,
         2.59320997e-02, -6.46346137e-02,  1.61719352e-01,
        -6.19939804e-01, -7.15670347e-01,  1.34182602e-01,
         3.55440885e-01,  2.33211648e-02]], dtype=float32)))
